0 (): 5222.68922156177
0 (0): 4527.034657036622
0 (1): 8153.975766587994
0 (2): 7049.44682070037
0 (3): 8602.764695914158
0 (4): 8604.235983488114
0 (5): 8147.823148220766
0 (6): 8345.155536952683
0 (7): 7237.780503572699
0 (0 1): 7292.027481685688
0 (0 2): 5918.98891046248
0 (0 3): 7884.219276933546
0 (0 4): 7885.698932757169
0 (0 5): 7279.499274386791
0 (0 6): 7526.435874661084
0 (0 7): 6127.6999144727415
0 (1 2): 10980.576584729388
0 (1 3): 14581.737909681407
0 (1 4): 14582.52242629194
0 (1 5): 13986.327414863601
0 (1 6): 11394.522892917921
0 (1 7): 11397.767924819906
0 (2 3): 11642.007028079246
0 (2 4): 11640.86801099922
0 (2 5): 10968.774438189499
0 (2 6): 11137.944075506111
0 (2 7): 10474.55445656147
0 (3 4): 15349.37118436721
0 (3 5): 14553.009801346721
0 (3 6): 12059.42489251294
0 (3 7): 11989.34626181615
0 (4 5): 14570.694353709023
0 (4 6): 12045.725104865061
0 (4 7): 11999.90060640197
0 (5 6): 11371.865570516646
0 (5 7): 11404.8461303445
0 (6 7): 11278.155417747323
1 (): 5704.193583313643
1 (0): 8153.975766587994
1 (1): 5490.043380540367
1 (2): 8209.964872301523
1 (3): 6079.0692227389445
1 (4): 6081.2115396882045
1 (5): 5527.243297762155
1 (6): 11063.742268081298
1 (7): 7853.087589017404
1 (0 1): 7773.531843437561
1 (0 2): 12016.303977798183
1 (0 3): 8555.292200850974
1 (0 4): 8557.42607893159
1 (0 5): 7823.1291708213785
1 (0 6): 15753.892803016395
1 (0 7): 11412.191603590212
1 (1 2): 7883.3113104452705
1 (1 3): 5858.07420448646
1 (1 4): 5860.217586965923
1 (1 5): 5099.453605301304
1 (1 6): 10841.321796196586
1 (1 7): 7477.693130284679
1 (2 3): 8744.94054494238
1 (2 4): 8745.373001178123
1 (2 5): 7934.4692376867815
1 (2 6): 15803.01563705509
1 (2 7): 12165.467534553685
1 (3 4): 6820.665809163767
1 (3 5): 5895.97475155333
1 (3 6): 11676.319790894482
1 (3 7): 8281.316672691191
1 (4 5): 5910.219331667792
1 (4 6): 11667.341645362445
1 (4 7): 8290.93073741479
1 (5 6): 10878.832706569694
1 (5 7): 7546.183775196584
1 (6 7): 15166.47980234302
2 (): 5222.359429084949
2 (0): 7049.44682070037
2 (1): 8209.964872301523
2 (2): 4526.3750720829785
2 (3): 8372.576951228879
2 (4): 8386.612769239586
2 (5): 8191.270105649154
2 (6): 8314.009192616519
2 (7): 5708.136669102004
2 (0 1): 11039.42401981591
2 (0 2): 5918.659117985658
2 (0 3): 11192.071917740403
2 (0 4): 11211.412231471255
2 (0 5): 11007.176750531118
2 (0 6): 11120.762288533253
2 (0 7): 7576.295437425923
2 (1 2): 7401.477156216576
2 (1 3): 14321.45114343397
2 (1 4): 14341.013569010509
2 (1 5): 14136.06979407062
2 (1 6): 11426.463939983758
2 (1 7): 9252.784836647836
2 (2 3): 7643.920945693372
2 (2 4): 7662.614862016376
2 (2 5): 7371.76762680716
2 (2 6): 7450.508421102276
2 (2 7): 4437.357222673025
2 (3 4): 14678.789432389352
2 (3 5): 14274.118156692944
2 (3 6): 11718.203974432843
2 (3 7): 9430.810079742236
2 (4 5): 14310.371692794448
2 (4 6): 11724.501158246141
2 (4 7): 9458.934363920143
2 (5 6): 11387.674029916041
2 (5 7): 9240.627978865701
2 (6 7): 9036.953637736198
3 (): 5866.8056622409995
3 (0): 8602.764695914158
3 (1): 6079.0692227389445
3 (2): 8372.576951228879
3 (3): 5815.26753839508
3 (4): 5900.300603530163
3 (5): 6088.339823928287
3 (6): 10974.33876716944
3 (7): 8243.273411768585
3 (0 1): 8984.2430357269
3 (0 2): 12597.902710598602
3 (0 3): 8528.335717612776
3 (0 4): 8650.37591879828
3 (0 5): 8992.963029367675
3 (0 6): 15933.18821324849
3 (0 7): 12325.915771845906
3 (1 2): 8665.108834392942
3 (1 3): 6020.686283413816
3 (1 4): 6146.766890955189
3 (1 5): 6499.1262236165085
3 (1 6): 11190.713201531558
3 (1 7): 8603.462503950643
3 (2 3): 8288.367178849423
3 (2 4): 8409.249946348391
3 (2 5): 8675.669072372282
3 (2 6): 15609.149082141252
3 (2 7): 12665.638608907539
3 (3 4): 5828.771617773021
3 (3 5): 6016.979632809167
3 (3 6): 10896.105803896578
3 (3 7): 8163.492688351416
3 (4 5): 6155.161437985538
3 (4 6): 11003.170269364491
3 (4 7): 8293.657090121565
3 (5 6): 11191.902636943178
3 (5 7): 8631.405902221046
3 (6 7): 15268.436123311356
4 (): 5862.103163711051
4 (0): 8604.235983488112
4 (1): 6081.2115396882045
4 (2): 8386.612769239586
4 (3): 5900.300603530163
4 (4): 5805.862541335183
4 (5): 5994.627167354182
4 (6): 11031.085176660657
4 (7): 8194.50409888643
4 (0 1): 8998.716117765649
4 (0 2): 12629.582228287585
4 (0 3): 8662.715122756414
4 (0 4): 8525.11287490645
4 (0 5): 8868.488683644533
4 (0 6): 16020.354841310116
4 (0 7): 12266.129956260193
4 (1 2): 8698.359825397694
4 (1 3): 6160.4554563834035
4 (1 4): 6018.127167363331
4 (1 5): 6371.211905645526
4 (1 6): 11282.601471709026
4 (1 7): 8542.736408502711
4 (2 3): 8442.068481117401
4 (2 4): 8302.358596642478
4 (2 5): 8569.763710388343
4 (2 6): 15716.31268166405
4 (2 7): 12623.422732913912
4 (3 4): 5824.069119243072
4 (3 5): 6013.002539900094
4 (3 6): 11104.036685073996
4 (3 7): 8223.316929950033
4 (4 5): 5882.703059702246
4 (4 6): 10970.181115190677
4 (4 7): 8092.22740840643
4 (5 6): 11159.638888390238
4 (5 7): 8430.869545342404
4 (6 7): 15292.25583958947
5 (): 5679.250773786765
5 (0): 8147.823148220766
5 (1): 5527.243297762155
5 (2): 8191.270105649154
5 (3): 6088.339823928287
5 (4): 5994.627167354182
5 (5): 5440.157761486612
5 (6): 11075.488662690508
5 (7): 7783.627804315887
5 (0 1): 7867.085142072349
5 (0 2): 12028.012679764364
5 (0 3): 8607.96816574272
5 (0 4): 8471.154616061447
5 (0 5): 7736.060826611785
5 (0 6): 15804.302895735975
5 (0 7): 11349.81473564637
5 (1 2): 7957.980086192847
5 (1 3): 5977.378824779762
5 (1 4): 5835.775941380566
5 (1 5): 5074.510795774427
5 (1 6): 10951.900121690547
5 (1 7): 7476.728701728148
5 (2 3): 8779.011631427788
5 (2 4): 8640.287734674837
5 (2 5): 7828.658971508977
5 (2 6): 15837.293142108228
5 (2 7): 12083.855603303118
5 (3 4): 6754.61696590689
5 (3 5): 5829.424744354932
5 (3 6): 11750.576641426953
5 (3 7): 8239.804997493158
5 (4 5): 5699.85066977796
5 (4 6): 11617.44647716451
5 (4 7): 8109.60880078605
5 (5 6): 10828.436374430239
5 (5 7): 7363.711659175443
5 (6 7): 15137.174957680389
6 (): 5559.864853986377
6 (0): 8345.155536952681
6 (1): 11063.7422680813
6 (2): 8314.009192616519
6 (3): 10974.33876716944
6 (4): 11031.085176660657
6 (5): 11075.488662690506
6 (6): 5201.385921885835
6 (7): 8616.010109044923
6 (0 1): 16381.681179789595
6 (0 2): 12725.430623288725
6 (0 3): 16132.025755145765
6 (0 4): 16206.853179249258
6 (0 5): 16388.135301258204
6 (0 6): 7863.61150708569
6 (0 7): 13079.689273797696
6 (1 2): 16354.77479176891
6 (1 3): 21775.36636235774
6 (1 4): 21853.566067106996
6 (1 5): 22058.300681353474
6 (1 6): 10696.99306686932
6 (1 7): 16953.589979623084
6 (2 3): 16240.73994740451
6 (2 4): 16315.085012158303
6 (2 5): 16365.54144831598
6 (2 6): 7788.013846003704
6 (2 7): 13736.746512922115
6 (3 4): 21863.293609317618
6 (3 5): 21768.21913966378
6 (3 6): 10589.164995641957
6 (3 7): 16733.400469331973
6 (4 5): 21878.114289196288
6 (4 6): 10667.942805466004
6 (4 7): 16827.560345781618
6 (5 6): 10709.050454629849
6 (5 7): 16993.74020842889
6 (6 7): 8123.679242414437
7 (): 5224.705530422005
7 (0): 7237.780503572699
7 (1): 7853.087589017404
7 (2): 5708.136669102004
7 (3): 8243.273411768585
7 (4): 8194.50409888643
7 (5): 7783.627804315887
7 (6): 8616.010109044923
7 (7): 4531.067274757091
7 (0 1): 10786.909487540552
7 (0 2): 7927.893279358535
7 (0 3): 11271.68282092032
7 (0 4): 11199.557801376473
7 (0 5): 10680.576648345737
7 (0 6): 11826.618780974832
7 (0 7): 6129.716223332976
7 (1 2): 8583.078964281955
7 (1 3): 13590.098940625792
7 (1 4): 13515.684279749647
7 (1 5): 12985.112537240042
7 (1 6): 11355.573255472053
7 (1 7): 6998.2050773930405
7 (2 3): 9163.081749185247
7 (2 4): 9088.047338422612
7 (2 5): 8477.956184525321
7 (2 6): 9602.598787936564
7 (2 7): 4439.703324010081
7 (3 4): 14192.309550664997
7 (3 5): 13467.183192201324
7 (3 6): 11943.136165803313
7 (3 7): 7521.392556532422
7 (4 5): 13408.80573340813
7 (4 6): 11866.089466371923
7 (4 7): 7454.829775117383
7 (5 6): 11253.200995688569
7 (5 7): 6909.166415810682
7 (6 7): 7788.519918850065
