0 (): 75182.03563290043
0 (0): 68246.62613580009
0 (1): 113722.02918836375
0 (2): 99572.36635709867
0 (3): 119588.6727722986
0 (4): 119598.48919239928
0 (5): 113589.33218018428
0 (6): 119796.33734113033
0 (7): 102939.11065034973
0 (0 1): 105050.7089883798
0 (0 2): 88118.52919640273
0 (0 3): 112391.24970492697
0 (0 4): 112378.07604950824
0 (0 5): 104819.70916593637
0 (0 6): 111693.85760554788
0 (0 7): 91761.57611206072
0 (1 2): 151878.14872943365
0 (1 3): 197737.02874965974
0 (1 4): 197690.79131495184
0 (1 5): 190212.27914934224
0 (1 6): 159947.68815428467
0 (1 7): 158327.81108072874
0 (2 3): 160243.09612555566
0 (2 4): 160171.80463442722
0 (2 5): 151579.5343680604
0 (2 6): 156665.1122568867
0 (2 7): 146731.95751851724
0 (3 4): 207971.82597776354
0 (3 5): 197155.92665751302
0 (3 6): 169357.98708320278
0 (3 7): 165880.10307091096
0 (4 5): 197602.95120149673
0 (4 6): 168942.79469629217
0 (4 7): 166037.08200747223
0 (5 6): 159495.35426533065
0 (5 7): 158356.571530744
0 (6 7): 159777.0955719643
1 (): 79948.48000288509
1 (0): 113722.02918836375
1 (1): 77779.5148757694
1 (2): 112930.03425946677
1 (3): 85366.46047768596
1 (4): 85458.32087199825
1 (5): 78505.74552430586
1 (6): 155505.72711966146
1 (7): 109386.21864809102
1 (0 1): 109817.15335836446
1 (0 2): 165830.71586882157
1 (0 3): 119532.48325884494
1 (0 4): 119635.08865003678
1 (0 5): 110840.44195365293
1 (0 6): 220721.14810157972
1 (0 7): 159096.06235933027
1 (1 2): 109472.52139413447
1 (1 3): 83162.71394191921
1 (1 4): 83246.82938323554
1 (1 5): 74174.34202400579
1 (1 6): 153282.1226238615
1 (1 7): 105568.20445669843
1 (2 3): 120339.64473024424
1 (2 4): 120395.04762036895
1 (2 5): 110439.08344182957
1 (2 6): 219020.6663440972
1 (2 7): 166821.25877575306
1 (3 4): 95958.16688614927
1 (3 5): 83900.00025771349
1 (3 6): 164868.70750150105
1 (3 7): 115710.42411327272
1 (4 5): 84408.59489212779
1 (4 6): 164608.0117253335
1 (4 7): 115972.67394152288
1 (5 6): 154018.14950612065
1 (5 7): 106845.71033106752
1 (6 7): 212020.674453642
2 (): 75216.74375862756
2 (0): 99572.36635709867
2 (1): 112930.03425946677
2 (2): 68316.04238725436
2 (3): 115585.96139135506
2 (4): 115803.30701584078
2 (5): 112901.07332231695
2 (6): 120033.27623885663
2 (7): 83264.95591693721
2 (0 1): 149777.3796555184
2 (0 2): 88153.23732212986
2 (0 3): 152186.6830076504
2 (0 4): 152473.67134870353
2 (0 5): 149692.03411857874
2 (0 6): 157568.69967869006
2 (0 7): 108815.26328354166
2 (1 2): 104740.78514987696
2 (1 3): 190487.77710315378
2 (1 4): 190752.6169995603
2 (1 5): 187923.42038803722
2 (1 6): 159150.79381860548
2 (1 7): 128136.31326217596
2 (2 3): 108404.82055427445
2 (2 4): 108655.95467982932
2 (2 5): 104607.72471608891
2 (2 6): 111466.37875119629
2 (2 7): 70621.09802107164
2 (3 4): 196214.39752792602
2 (3 5): 190065.04644377326
2 (3 6): 164182.66965347878
2 (3 7): 131014.34043807231
2 (4 5): 190817.32482720434
2 (4 6): 164101.8247272368
2 (4 7): 131472.56834173627
2 (5 6): 158843.76048370037
2 (5 7): 128313.98598070987
2 (6 7): 131549.2709368343
3 (): 81588.4885457189
3 (0): 119588.67277229861
3 (1): 85366.46047768596
3 (2): 115585.96139135506
3 (3): 81059.53196143701
3 (4): 82753.58404828022
3 (5): 85975.55977964563
3 (6): 153024.47382865104
3 (7): 114230.55397369282
3 (0 1): 126511.85620843472
3 (0 2): 175219.39217054335
3 (0 3): 118797.70261774544
3 (0 4): 121241.8593588184
3 (0 5): 127359.78285224085
3 (0 6): 222130.87733464743
3 (0 7): 171699.27192784424
3 (1 2): 121363.373635844
3 (1 3): 84802.72248475302
3 (1 4): 87283.90293211915
3 (1 5): 93475.69364813062
3 (1 6): 156868.13780565062
3 (1 7): 120761.34169160448
3 (2 3): 114776.56534136577
3 (2 4): 117182.56419470457
3 (2 5): 122156.40288798274
3 (2 6): 216051.97248312007
3 (2 7): 174750.20352998117
3 (3 4): 82166.87432327775
3 (3 5): 85368.08285677414
3 (3 6): 152198.9239038468
3 (3 7): 113410.28431233828
3 (4 5): 88273.74444339468
3 (4 6): 154225.88985204304
3 (4 7): 116024.49434527337
3 (5 6): 157446.32237595023
3 (5 7): 121867.97428849174
3 (6 7): 212039.15919391878
4 (): 81479.21770355389
4 (0): 119598.48919239928
4 (1): 85458.32087199825
4 (2): 115803.30701584078
4 (3): 82753.58404828022
4 (4): 80840.990277107
4 (5): 84129.12768312145
4 (6): 154160.4967924787
4 (7): 113603.28626223447
4 (0 1): 126875.62619967734
4 (0 2): 175767.54511164722
4 (0 3): 121503.02395886918
4 (0 4): 118675.25812016171
4 (0 5): 124885.43442714645
4 (0 6): 223935.52846587982
4 (0 7): 171004.3796179574
4 (1 2): 122038.22095820104
4 (1 3): 87693.91035806968
4 (1 4): 84777.56708390435
4 (1 5): 91062.91531346679
4 (1 6): 158827.28554762603
4 (1 7): 120171.72027340654
4 (2 3): 117802.00862693689
4 (2 4): 114918.42862475564
4 (2 5): 119987.30830233567
4 (2 6): 218190.97107502108
4 (2 7): 174356.56018719703
4 (3 4): 82057.60348111275
4 (3 5): 85352.37147431655
4 (3 6): 156445.73337018606
4 (3 7): 115172.62309882528
4 (4 5): 82859.43037844474
4 (4 6): 153496.42011935185
4 (4 7): 112489.62326657631
4 (5 6): 156808.4821563474
4 (5 7): 118427.18981327745
4 (6 7): 213008.67512425952
5 (): 79643.76519094687
5 (0): 113589.33218018428
5 (1): 78505.74552430586
5 (2): 112901.07332231695
5 (3): 85975.55977964563
5 (4): 84129.12768312145
5 (5): 77170.08525189296
5 (6): 155863.63174882933
5 (7): 108524.86866928654
5 (0 1): 111282.78037543438
5 (0 2): 166187.70875366335
5 (0 3): 120822.7483244325
5 (0 4): 118087.23529928733
5 (0 5): 109281.43872398279
5 (0 6): 221602.68296870714
5 (0 7): 158225.47368351536
5 (1 2): 111094.6906880446
5 (1 3): 85771.36741544779
5 (1 4): 82948.58165483343
5 (1 5): 73869.62721206757
5 (1 6): 155352.0182622021
5 (1 7): 105946.36120523738
5 (2 3): 121788.28122859802
5 (2 4): 118999.74221071863
5 (2 5): 109034.74614840822
5 (2 6): 220047.50176527354
5 (2 7): 166099.58236845685
5 (3 4): 95487.99516013043
5 (3 5): 83423.35950200212
5 (3 6): 166780.76082788207
5 (3 7): 115917.70758432985
5 (4 5): 81023.97786583772
5 (4 6): 163923.07709013627
5 (4 7): 113328.79435556364
5 (5 6): 153326.6825672219
5 (5 7): 104188.2184580534
5 (6 7): 211940.7150352448
6 (): 78620.35512638158
6 (0): 119796.33734113033
6 (1): 155505.72711966146
6 (2): 120033.27623885663
6 (3): 153024.473828651
6 (4): 154160.49679247872
6 (5): 155863.63174882933
6 (6): 75123.26512276239
6 (7): 124139.91668351626
6 (0 1): 234957.1736957184
6 (0 2): 187858.06148613192
6 (0 3): 229387.5299791963
6 (0 4): 230931.01651037793
6 (0 5): 235396.37014106434
6 (0 6): 115132.17709902904
6 (0 7): 192319.8456559952
6 (1 2): 236261.04843395448
6 (1 3): 303102.79588830937
6 (1 4): 304651.9362043343
6 (1 5): 309291.0025775437
6 (1 6): 151953.99774735802
6 (1 7): 243795.17325907134
6 (2 3): 232268.62566737755
6 (2 4): 233788.17982704626
6 (2 5): 236632.27660891574
6 (2 6): 114869.99011895029
6 (2 7): 202008.71525584074
6 (3 4): 302944.078285074
6 (3 5): 303143.48205695616
6 (3 6): 149230.7904845095
6 (3 7): 238762.74042101635
6 (4 5): 305427.0148064314
6 (4 6): 150637.55754217957
6 (4 7): 240584.1275978052
6 (5 6): 152303.27250265662
6 (5 7): 244614.56296650425
6 (6 7): 119382.92463404835
7 (): 75248.08994284918
7 (0): 102939.11065034973
7 (1): 109386.21864809102
7 (2): 83264.95591693721
7 (3): 114230.55397369282
7 (4): 113603.28626223447
7 (5): 108524.86866928656
7 (6): 124139.91668351628
7 (7): 68378.73475569757
7 (0 1): 149437.21974167903
7 (0 2): 115209.75687919362
7 (0 3): 155061.05636060325
7 (0 4): 154104.99945066567
7 (0 5): 148124.2926440827
7 (0 6): 168424.9774442053
7 (0 7): 91827.63042200948
7 (1 2): 121346.49099704153
7 (1 3): 183095.92289377982
7 (1 4): 182096.29404963134
7 (1 5): 175985.26864009554
7 (1 6): 159895.0963785879
7 (1 7): 100867.81439666252
7 (2 3): 128251.70684566988
7 (2 4): 127238.61907065341
7 (2 5): 119969.20734353027
7 (2 6): 139293.56538727193
7 (2 7): 70652.44420529324
7 (3 4): 190822.37840741198
7 (3 5): 181431.83920710266
7 (3 6): 167914.15081471507
7 (3 7): 107069.88570946857
7 (4 5): 180912.42770096648
7 (4 6): 166663.82322691285
7 (4 7): 106258.4955058716
7 (5 6): 158481.26820410928
7 (5 7): 99792.5432099557
7 (6 7): 116010.65945051594
